acc: 0.9313358302122348
f1: 0.8
precision: 0.7638888888888888
recall: 0.8396946564885496
