acc: 0.9151061173533084
f1: 0.753623188405797
precision: 0.7172413793103448
recall: 0.7938931297709924
