acc: 0.9650436953807741
f1: 0.8852459016393442
precision: 0.9557522123893806
recall: 0.8244274809160306
