acc: 0.9625468164794008
f1: 0.878048780487805
precision: 0.9391304347826087
recall: 0.8244274809160306
